trade_date,security_id,symbol,fyers_symbol,open,high,low,close,volume,source,downloaded_at
2022-12-26,SMD-0148,MARUTI,NSE:MARUTI-EQ,8147.0,8346.0,8076.05,8256.8,315102,FYERS_HISTORY,2026-08-08T23:39:53+05:30
2022-12-27,SMD-0148,MARUTI,NSE:MARUTI-EQ,8298.95,8315.0,8230.8,8305.45,423308,FYERS_HISTORY,2026-08-08T23:39:53+05:30
2022-12-28,SMD-0148,MARUTI,NSE:MARUTI-EQ,8315.0,8453.5,8287.6,8421.05,538632,FYERS_HISTORY,2026-08-08T23:39:53+05:30
2022-12-29,SMD-0148,MARUTI,NSE:MARUTI-EQ,8370.0,8449.0,8333.0,8435.8,452134,FYERS_HISTORY,2026-08-08T23:39:53+05:30
2022-12-30,SMD-0148,MARUTI,NSE:MARUTI-EQ,8470.0,8490.0,8362.25,8394.6,433976,FYERS_HISTORY,2026-08-08T23:39:53+05:30
2023-01-02,SMD-0148,MARUTI,NSE:MARUTI-EQ,8365.0,8454.0,8337.6,8403.3,398159,FYERS_HISTORY,2026-08-08T23:39:53+05:30
2023-01-03,SMD-0148,MARUTI,NSE:MARUTI-EQ,8380.0,8402.0,8304.15,8382.75,493207,FYERS_HISTORY,2026-08-08T23:39:53+05:30
2023-01-04,SMD-0148,MARUTI,NSE:MARUTI-EQ,8376.0,8537.05,8311.05,8422.8,566744,FYERS_HISTORY,2026-08-08T23:39:53+05:30
2023-01-05,SMD-0148,MARUTI,NSE:MARUTI-EQ,8444.95,8475.0,8390.05,8461.1,417716,FYERS_HISTORY,2026-08-08T23:39:53+05:30
2023-01-06,SMD-0148,MARUTI,NSE:MARUTI-EQ,8460.0,8483.95,8350.0,8383.05,368978,FYERS_HISTORY,2026-08-08T23:39:53+05:30
2023-01-09,SMD-0148,MARUTI,NSE:MARUTI-EQ,8424.85,8446.95,8325.1,8377.0,613406,FYERS_HISTORY,2026-08-08T23:39:53+05:30
2023-01-10,SMD-0148,MARUTI,NSE:MARUTI-EQ,8380.0,8410.0,8262.9,8293.15,493677,FYERS_HISTORY,2026-08-08T23:39:53+05:30
2023-01-11,SMD-0148,MARUTI,NSE:MARUTI-EQ,8334.65,8334.65,8249.15,8284.45,327536,FYERS_HISTORY,2026-08-08T23:39:53+05:30
2023-01-12,SMD-0148,MARUTI,NSE:MARUTI-EQ,8315.0,8377.0,8260.0,8369.2,283772,FYERS_HISTORY,2026-08-08T23:39:53+05:30
2023-01-13,SMD-0148,MARUTI,NSE:MARUTI-EQ,8397.0,8500.05,8351.0,8453.4,705220,FYERS_HISTORY,2026-08-08T23:39:53+05:30
2023-01-16,SMD-0148,MARUTI,NSE:MARUTI-EQ,8480.0,8514.3,8343.6,8380.1,500575,FYERS_HISTORY,2026-08-08T23:39:53+05:30
2023-01-17,SMD-0148,MARUTI,NSE:MARUTI-EQ,8409.85,8493.3,8342.15,8479.35,409248,FYERS_HISTORY,2026-08-08T23:39:53+05:30
2023-01-18,SMD-0148,MARUTI,NSE:MARUTI-EQ,8473.0,8537.4,8464.3,8494.05,402883,FYERS_HISTORY,2026-08-08T23:39:53+05:30
2023-01-19,SMD-0148,MARUTI,NSE:MARUTI-EQ,8479.0,8519.0,8456.5,8501.65,184776,FYERS_HISTORY,2026-08-08T23:39:53+05:30
2023-01-20,SMD-0148,MARUTI,NSE:MARUTI-EQ,8462.05,8500.0,8412.0,8439.8,346337,FYERS_HISTORY,2026-08-08T23:39:53+05:30
2023-01-23,SMD-0148,MARUTI,NSE:MARUTI-EQ,8480.0,8482.0,8377.9,8417.1,410827,FYERS_HISTORY,2026-08-08T23:39:53+05:30
2023-01-24,SMD-0148,MARUTI,NSE:MARUTI-EQ,8450.0,8718.0,8417.0,8698.8,1039571,FYERS_HISTORY,2026-08-08T23:39:53+05:30
2023-01-25,SMD-0148,MARUTI,NSE:MARUTI-EQ,8747.9,8833.0,8680.3,8784.1,1131883,FYERS_HISTORY,2026-08-08T23:39:53+05:30
2023-01-27,SMD-0148,MARUTI,NSE:MARUTI-EQ,8828.45,8889.0,8620.1,8737.5,743546,FYERS_HISTORY,2026-08-08T23:39:53+05:30
2023-01-30,SMD-0148,MARUTI,NSE:MARUTI-EQ,8779.0,8865.0,8718.0,8817.0,1036998,FYERS_HISTORY,2026-08-08T23:39:53+05:30
2023-01-31,SMD-0148,MARUTI,NSE:MARUTI-EQ,8856.9,8943.85,8830.2,8895.3,643670,FYERS_HISTORY,2026-08-08T23:39:53+05:30
2023-02-01,SMD-0148,MARUTI,NSE:MARUTI-EQ,8937.0,9030.45,8673.9,8768.85,707460,FYERS_HISTORY,2026-08-08T23:39:53+05:30
2023-02-02,SMD-0148,MARUTI,NSE:MARUTI-EQ,8765.0,8940.0,8751.1,8870.15,456995,FYERS_HISTORY,2026-08-08T23:39:53+05:30
2023-02-03,SMD-0148,MARUTI,NSE:MARUTI-EQ,8940.0,8963.0,8845.15,8942.3,351157,FYERS_HISTORY,2026-08-08T23:39:53+05:30
2023-02-06,SMD-0148,MARUTI,NSE:MARUTI-EQ,8926.95,8936.0,8820.0,8908.0,205161,FYERS_HISTORY,2026-08-08T23:39:53+05:30
2023-02-07,SMD-0148,MARUTI,NSE:MARUTI-EQ,8908.0,8920.0,8752.55,8762.45,318669,FYERS_HISTORY,2026-08-08T23:39:53+05:30
2023-02-08,SMD-0148,MARUTI,NSE:MARUTI-EQ,8773.0,8854.5,8673.05,8834.7,391645,FYERS_HISTORY,2026-08-08T23:39:53+05:30
2023-02-09,SMD-0148,MARUTI,NSE:MARUTI-EQ,8802.3,8833.0,8700.0,8801.2,392186,FYERS_HISTORY,2026-08-08T23:39:53+05:30
2023-02-10,SMD-0148,MARUTI,NSE:MARUTI-EQ,8797.8,8875.0,8772.95,8811.35,276298,FYERS_HISTORY,2026-08-08T23:39:53+05:30
2023-02-13,SMD-0148,MARUTI,NSE:MARUTI-EQ,8787.0,8864.4,8755.7,8809.45,253037,FYERS_HISTORY,2026-08-08T23:39:53+05:30
2023-02-14,SMD-0148,MARUTI,NSE:MARUTI-EQ,8815.0,8847.0,8765.0,8774.45,227030,FYERS_HISTORY,2026-08-08T23:39:53+05:30
2023-02-15,SMD-0148,MARUTI,NSE:MARUTI-EQ,8774.45,8895.7,8742.0,8845.35,452568,FYERS_HISTORY,2026-08-08T23:39:53+05:30
2023-02-16,SMD-0148,MARUTI,NSE:MARUTI-EQ,8880.0,8880.0,8790.0,8805.1,247514,FYERS_HISTORY,2026-08-08T23:39:53+05:30
2023-02-17,SMD-0148,MARUTI,NSE:MARUTI-EQ,8787.0,8874.0,8749.75,8807.75,214587,FYERS_HISTORY,2026-08-08T23:39:53+05:30
2023-02-20,SMD-0148,MARUTI,NSE:MARUTI-EQ,8807.75,8849.0,8675.25,8693.65,298434,FYERS_HISTORY,2026-08-08T23:39:53+05:30
2023-02-21,SMD-0148,MARUTI,NSE:MARUTI-EQ,8694.0,8720.0,8638.45,8669.85,323478,FYERS_HISTORY,2026-08-08T23:39:53+05:30
2023-02-22,SMD-0148,MARUTI,NSE:MARUTI-EQ,8675.5,8719.0,8585.0,8658.95,363931,FYERS_HISTORY,2026-08-08T23:39:53+05:30
2023-02-23,SMD-0148,MARUTI,NSE:MARUTI-EQ,8693.45,8747.45,8616.0,8696.25,317544,FYERS_HISTORY,2026-08-08T23:39:53+05:30
2023-02-24,SMD-0148,MARUTI,NSE:MARUTI-EQ,8711.0,8740.0,8609.3,8660.5,242982,FYERS_HISTORY,2026-08-08T23:39:53+05:30
2023-02-27,SMD-0148,MARUTI,NSE:MARUTI-EQ,8630.0,8643.05,8530.0,8632.2,220225,FYERS_HISTORY,2026-08-08T23:39:53+05:30
2023-02-28,SMD-0148,MARUTI,NSE:MARUTI-EQ,8650.0,8709.0,8605.3,8624.35,370998,FYERS_HISTORY,2026-08-08T23:39:53+05:30
2023-03-01,SMD-0148,MARUTI,NSE:MARUTI-EQ,8620.0,8776.25,8620.0,8764.15,333441,FYERS_HISTORY,2026-08-08T23:39:53+05:30
2023-03-02,SMD-0148,MARUTI,NSE:MARUTI-EQ,8771.0,8771.0,8509.1,8548.75,603893,FYERS_HISTORY,2026-08-08T23:39:53+05:30
2023-03-03,SMD-0148,MARUTI,NSE:MARUTI-EQ,8592.05,8629.0,8550.0,8601.25,437977,FYERS_HISTORY,2026-08-08T23:39:53+05:30
2023-03-06,SMD-0148,MARUTI,NSE:MARUTI-EQ,8640.0,8663.0,8590.95,8631.45,275417,FYERS_HISTORY,2026-08-08T23:39:53+05:30
2023-03-08,SMD-0148,MARUTI,NSE:MARUTI-EQ,8625.0,8712.05,8610.05,8693.9,348171,FYERS_HISTORY,2026-08-08T23:39:53+05:30
2023-03-09,SMD-0148,MARUTI,NSE:MARUTI-EQ,8725.0,8737.0,8534.05,8541.95,431466,FYERS_HISTORY,2026-08-08T23:39:53+05:30
2023-03-10,SMD-0148,MARUTI,NSE:MARUTI-EQ,8530.0,8628.0,8480.1,8601.55,516128,FYERS_HISTORY,2026-08-08T23:39:53+05:30
2023-03-13,SMD-0148,MARUTI,NSE:MARUTI-EQ,8601.55,8637.3,8481.1,8518.4,479314,FYERS_HISTORY,2026-08-08T23:39:53+05:30
2023-03-14,SMD-0148,MARUTI,NSE:MARUTI-EQ,8544.95,8544.95,8445.0,8512.15,349510,FYERS_HISTORY,2026-08-08T23:39:53+05:30
2023-03-15,SMD-0148,MARUTI,NSE:MARUTI-EQ,8650.0,8704.95,8440.0,8474.95,509229,FYERS_HISTORY,2026-08-08T23:39:53+05:30
2023-03-16,SMD-0148,MARUTI,NSE:MARUTI-EQ,8460.1,8533.4,8411.0,8437.45,340261,FYERS_HISTORY,2026-08-08T23:39:53+05:30
2023-03-17,SMD-0148,MARUTI,NSE:MARUTI-EQ,8503.0,8510.95,8293.55,8316.85,471602,FYERS_HISTORY,2026-08-08T23:39:53+05:30
2023-03-20,SMD-0148,MARUTI,NSE:MARUTI-EQ,8316.85,8316.85,8130.0,8219.6,488199,FYERS_HISTORY,2026-08-08T23:39:53+05:30
2023-03-21,SMD-0148,MARUTI,NSE:MARUTI-EQ,8245.0,8275.0,8215.0,8228.4,287497,FYERS_HISTORY,2026-08-08T23:39:53+05:30
2023-03-22,SMD-0148,MARUTI,NSE:MARUTI-EQ,8236.0,8289.6,8217.0,8252.4,218120,FYERS_HISTORY,2026-08-08T23:39:53+05:30
2023-03-23,SMD-0148,MARUTI,NSE:MARUTI-EQ,8264.0,8375.0,8232.6,8353.2,540553,FYERS_HISTORY,2026-08-08T23:39:53+05:30
2023-03-24,SMD-0148,MARUTI,NSE:MARUTI-EQ,8353.2,8386.5,8211.0,8242.9,391840,FYERS_HISTORY,2026-08-08T23:39:53+05:30
2023-03-27,SMD-0148,MARUTI,NSE:MARUTI-EQ,8250.0,8316.8,8229.55,8278.35,364326,FYERS_HISTORY,2026-08-08T23:39:53+05:30
2023-03-28,SMD-0148,MARUTI,NSE:MARUTI-EQ,8305.9,8355.6,8140.0,8208.8,360349,FYERS_HISTORY,2026-08-08T23:39:53+05:30
2023-03-29,SMD-0148,MARUTI,NSE:MARUTI-EQ,8249.85,8319.1,8187.5,8295.3,339851,FYERS_HISTORY,2026-08-08T23:39:53+05:30
2023-03-31,SMD-0148,MARUTI,NSE:MARUTI-EQ,8325.95,8370.0,8257.05,8292.15,478757,FYERS_HISTORY,2026-08-08T23:39:53+05:30
2023-04-03,SMD-0148,MARUTI,NSE:MARUTI-EQ,8412.85,8579.0,8390.35,8503.05,627265,FYERS_HISTORY,2026-08-08T23:39:53+05:30
2023-04-05,SMD-0148,MARUTI,NSE:MARUTI-EQ,8521.95,8548.0,8430.0,8447.05,272888,FYERS_HISTORY,2026-08-08T23:39:53+05:30
2023-04-06,SMD-0148,MARUTI,NSE:MARUTI-EQ,8464.0,8535.0,8377.1,8516.65,309551,FYERS_HISTORY,2026-08-08T23:39:53+05:30
2023-04-10,SMD-0148,MARUTI,NSE:MARUTI-EQ,8456.6,8555.8,8403.05,8535.15,308275,FYERS_HISTORY,2026-08-08T23:39:53+05:30
2023-04-11,SMD-0148,MARUTI,NSE:MARUTI-EQ,8580.0,8670.95,8545.0,8659.55,409240,FYERS_HISTORY,2026-08-08T23:39:53+05:30
2023-04-12,SMD-0148,MARUTI,NSE:MARUTI-EQ,8672.0,8709.95,8591.0,8621.05,408458,FYERS_HISTORY,2026-08-08T23:39:53+05:30
2023-04-13,SMD-0148,MARUTI,NSE:MARUTI-EQ,8628.05,8704.0,8620.0,8670.8,480202,FYERS_HISTORY,2026-08-08T23:39:53+05:30
2023-04-17,SMD-0148,MARUTI,NSE:MARUTI-EQ,8850.0,8850.0,8650.0,8674.65,489356,FYERS_HISTORY,2026-08-08T23:39:53+05:30
2023-04-18,SMD-0148,MARUTI,NSE:MARUTI-EQ,8692.95,8748.8,8690.0,8732.65,276111,FYERS_HISTORY,2026-08-08T23:39:53+05:30
2023-04-19,SMD-0148,MARUTI,NSE:MARUTI-EQ,8690.05,8741.8,8662.45,8679.95,280819,FYERS_HISTORY,2026-08-08T23:39:53+05:30
2023-04-20,SMD-0148,MARUTI,NSE:MARUTI-EQ,8670.0,8739.9,8665.15,8714.65,369060,FYERS_HISTORY,2026-08-08T23:39:53+05:30
2023-04-21,SMD-0148,MARUTI,NSE:MARUTI-EQ,8679.4,8704.0,8550.0,8558.45,424157,FYERS_HISTORY,2026-08-08T23:39:53+05:30
2023-04-24,SMD-0148,MARUTI,NSE:MARUTI-EQ,8577.0,8577.0,8444.75,8466.15,543745,FYERS_HISTORY,2026-08-08T23:39:53+05:30
2023-04-25,SMD-0148,MARUTI,NSE:MARUTI-EQ,8510.0,8525.0,8420.0,8468.9,906406,FYERS_HISTORY,2026-08-08T23:39:53+05:30
2023-04-26,SMD-0148,MARUTI,NSE:MARUTI-EQ,8527.0,8550.0,8434.9,8506.9,959058,FYERS_HISTORY,2026-08-08T23:39:53+05:30
2023-04-27,SMD-0148,MARUTI,NSE:MARUTI-EQ,8570.0,8570.0,8471.25,8542.95,536521,FYERS_HISTORY,2026-08-08T23:39:53+05:30
2023-04-28,SMD-0148,MARUTI,NSE:MARUTI-EQ,8593.0,8612.45,8535.1,8589.55,387567,FYERS_HISTORY,2026-08-08T23:39:53+05:30
2023-05-02,SMD-0148,MARUTI,NSE:MARUTI-EQ,8622.7,8827.0,8606.0,8776.85,865562,FYERS_HISTORY,2026-08-08T23:39:53+05:30
2023-05-03,SMD-0148,MARUTI,NSE:MARUTI-EQ,8770.0,8828.0,8715.05,8797.3,537008,FYERS_HISTORY,2026-08-08T23:39:53+05:30
2023-05-04,SMD-0148,MARUTI,NSE:MARUTI-EQ,8796.65,8822.95,8743.0,8800.6,271926,FYERS_HISTORY,2026-08-08T23:39:53+05:30
2023-05-05,SMD-0148,MARUTI,NSE:MARUTI-EQ,8800.6,8988.0,8790.0,8948.65,951591,FYERS_HISTORY,2026-08-08T23:39:53+05:30
2023-05-08,SMD-0148,MARUTI,NSE:MARUTI-EQ,9046.0,9120.95,8960.0,9076.25,678780,FYERS_HISTORY,2026-08-08T23:39:53+05:30
2023-05-09,SMD-0148,MARUTI,NSE:MARUTI-EQ,9083.0,9140.0,9051.85,9111.55,415394,FYERS_HISTORY,2026-08-08T23:39:53+05:30
2023-05-10,SMD-0148,MARUTI,NSE:MARUTI-EQ,9128.8,9180.0,9060.0,9168.15,366827,FYERS_HISTORY,2026-08-08T23:39:53+05:30
2023-05-11,SMD-0148,MARUTI,NSE:MARUTI-EQ,9242.95,9315.0,9142.05,9260.9,644550,FYERS_HISTORY,2026-08-08T23:39:53+05:30
2023-05-12,SMD-0148,MARUTI,NSE:MARUTI-EQ,9260.95,9329.8,9232.65,9295.4,403028,FYERS_HISTORY,2026-08-08T23:39:53+05:30
2023-05-15,SMD-0148,MARUTI,NSE:MARUTI-EQ,9242.0,9307.5,9185.4,9207.3,259316,FYERS_HISTORY,2026-08-08T23:39:53+05:30
2023-05-16,SMD-0148,MARUTI,NSE:MARUTI-EQ,9219.1,9229.3,9057.1,9071.35,448981,FYERS_HISTORY,2026-08-08T23:39:53+05:30
2023-05-17,SMD-0148,MARUTI,NSE:MARUTI-EQ,9080.35,9132.0,9032.05,9119.4,290482,FYERS_HISTORY,2026-08-08T23:39:53+05:30
2023-05-18,SMD-0148,MARUTI,NSE:MARUTI-EQ,9144.95,9150.0,9044.1,9053.3,272497,FYERS_HISTORY,2026-08-08T23:39:53+05:30
2023-05-19,SMD-0148,MARUTI,NSE:MARUTI-EQ,9060.0,9118.2,8960.55,9105.95,543472,FYERS_HISTORY,2026-08-08T23:39:53+05:30
2023-05-22,SMD-0148,MARUTI,NSE:MARUTI-EQ,9090.0,9169.7,9073.85,9156.65,182115,FYERS_HISTORY,2026-08-08T23:39:53+05:30
2023-05-23,SMD-0148,MARUTI,NSE:MARUTI-EQ,9169.0,9235.0,9156.75,9200.7,269008,FYERS_HISTORY,2026-08-08T23:39:53+05:30
2023-05-24,SMD-0148,MARUTI,NSE:MARUTI-EQ,9168.0,9318.2,9159.0,9270.75,470365,FYERS_HISTORY,2026-08-08T23:39:53+05:30
2023-05-25,SMD-0148,MARUTI,NSE:MARUTI-EQ,9220.75,9293.4,9216.05,9281.85,218979,FYERS_HISTORY,2026-08-08T23:39:53+05:30
2023-05-26,SMD-0148,MARUTI,NSE:MARUTI-EQ,9333.0,9415.0,9311.25,9399.95,346760,FYERS_HISTORY,2026-08-08T23:39:53+05:30
2023-05-29,SMD-0148,MARUTI,NSE:MARUTI-EQ,9435.0,9488.8,9312.05,9333.5,236834,FYERS_HISTORY,2026-08-08T23:39:53+05:30
2023-05-30,SMD-0148,MARUTI,NSE:MARUTI-EQ,9380.0,9402.9,9300.0,9383.35,372004,FYERS_HISTORY,2026-08-08T23:39:53+05:30
2023-05-31,SMD-0148,MARUTI,NSE:MARUTI-EQ,9449.95,9449.95,9267.6,9367.7,1614766,FYERS_HISTORY,2026-08-08T23:39:53+05:30
2023-06-01,SMD-0148,MARUTI,NSE:MARUTI-EQ,9337.5,9377.55,9222.0,9328.3,378706,FYERS_HISTORY,2026-08-08T23:39:53+05:30
2023-06-02,SMD-0148,MARUTI,NSE:MARUTI-EQ,9389.0,9525.15,9312.7,9485.35,445105,FYERS_HISTORY,2026-08-08T23:39:53+05:30
2023-06-05,SMD-0148,MARUTI,NSE:MARUTI-EQ,9552.5,9640.0,9488.55,9582.1,434649,FYERS_HISTORY,2026-08-08T23:39:53+05:30
2023-06-06,SMD-0148,MARUTI,NSE:MARUTI-EQ,9629.0,9770.0,9611.0,9736.2,542318,FYERS_HISTORY,2026-08-08T23:39:53+05:30
2023-06-07,SMD-0148,MARUTI,NSE:MARUTI-EQ,9788.0,9800.0,9650.5,9707.5,453747,FYERS_HISTORY,2026-08-08T23:39:53+05:30
2023-06-08,SMD-0148,MARUTI,NSE:MARUTI-EQ,9733.0,9765.0,9625.5,9658.6,273746,FYERS_HISTORY,2026-08-08T23:39:53+05:30
2023-06-09,SMD-0148,MARUTI,NSE:MARUTI-EQ,9675.5,9713.9,9611.1,9627.8,161389,FYERS_HISTORY,2026-08-08T23:39:53+05:30
2023-06-12,SMD-0148,MARUTI,NSE:MARUTI-EQ,9625.0,9700.0,9537.65,9550.45,316879,FYERS_HISTORY,2026-08-08T23:39:53+05:30
2023-06-13,SMD-0148,MARUTI,NSE:MARUTI-EQ,9588.0,9618.05,9505.65,9517.5,561014,FYERS_HISTORY,2026-08-08T23:39:53+05:30
2023-06-14,SMD-0148,MARUTI,NSE:MARUTI-EQ,9520.0,9599.0,9490.5,9532.5,328167,FYERS_HISTORY,2026-08-08T23:39:53+05:30
2023-06-15,SMD-0148,MARUTI,NSE:MARUTI-EQ,9555.0,9697.8,9543.0,9594.85,459978,FYERS_HISTORY,2026-08-08T23:39:53+05:30
2023-06-16,SMD-0148,MARUTI,NSE:MARUTI-EQ,9595.05,9643.4,9552.0,9603.7,682099,FYERS_HISTORY,2026-08-08T23:39:53+05:30
2023-06-19,SMD-0148,MARUTI,NSE:MARUTI-EQ,9638.0,9642.15,9510.0,9532.0,395006,FYERS_HISTORY,2026-08-08T23:39:53+05:30
2023-06-20,SMD-0148,MARUTI,NSE:MARUTI-EQ,9530.0,9538.9,9420.0,9492.1,612713,FYERS_HISTORY,2026-08-08T23:39:53+05:30
2023-06-21,SMD-0148,MARUTI,NSE:MARUTI-EQ,9502.0,9537.0,9396.05,9440.85,356331,FYERS_HISTORY,2026-08-08T23:39:53+05:30
2023-06-22,SMD-0148,MARUTI,NSE:MARUTI-EQ,9439.05,9494.35,9373.8,9403.05,288487,FYERS_HISTORY,2026-08-08T23:39:53+05:30
2023-06-23,SMD-0148,MARUTI,NSE:MARUTI-EQ,9420.0,9427.0,9305.0,9327.3,309138,FYERS_HISTORY,2026-08-08T23:39:53+05:30
2023-06-26,SMD-0148,MARUTI,NSE:MARUTI-EQ,9327.3,9520.0,9300.0,9470.2,405168,FYERS_HISTORY,2026-08-08T23:39:53+05:30
2023-06-27,SMD-0148,MARUTI,NSE:MARUTI-EQ,9490.0,9500.0,9395.05,9461.0,339375,FYERS_HISTORY,2026-08-08T23:39:53+05:30
2023-06-28,SMD-0148,MARUTI,NSE:MARUTI-EQ,9475.45,9575.0,9432.55,9540.65,482586,FYERS_HISTORY,2026-08-08T23:39:53+05:30
2023-06-30,SMD-0148,MARUTI,NSE:MARUTI-EQ,9569.0,9853.5,9541.0,9789.05,845006,FYERS_HISTORY,2026-08-08T23:39:53+05:30
2023-07-03,SMD-0148,MARUTI,NSE:MARUTI-EQ,9742.05,9785.85,9656.55,9673.0,398066,FYERS_HISTORY,2026-08-08T23:39:53+05:30
2023-07-04,SMD-0148,MARUTI,NSE:MARUTI-EQ,9700.0,9716.5,9620.05,9647.4,247673,FYERS_HISTORY,2026-08-08T23:39:53+05:30
2023-07-05,SMD-0148,MARUTI,NSE:MARUTI-EQ,9697.0,10037.0,9675.0,9992.3,815044,FYERS_HISTORY,2026-08-08T23:39:53+05:30
2023-07-06,SMD-0148,MARUTI,NSE:MARUTI-EQ,9999.95,10016.3,9815.2,9859.4,652120,FYERS_HISTORY,2026-08-08T23:39:53+05:30
2023-07-07,SMD-0148,MARUTI,NSE:MARUTI-EQ,9854.0,9945.0,9815.0,9850.25,457050,FYERS_HISTORY,2026-08-08T23:39:53+05:30
2023-07-10,SMD-0148,MARUTI,NSE:MARUTI-EQ,9854.0,9933.35,9719.75,9736.3,272008,FYERS_HISTORY,2026-08-08T23:39:53+05:30
2023-07-11,SMD-0148,MARUTI,NSE:MARUTI-EQ,9796.0,9956.85,9736.3,9900.15,568772,FYERS_HISTORY,2026-08-08T23:39:53+05:30
2023-07-12,SMD-0148,MARUTI,NSE:MARUTI-EQ,9895.0,9950.0,9805.0,9835.8,552967,FYERS_HISTORY,2026-08-08T23:39:53+05:30
2023-07-13,SMD-0148,MARUTI,NSE:MARUTI-EQ,9852.95,9898.95,9612.0,9647.55,519564,FYERS_HISTORY,2026-08-08T23:39:53+05:30
2023-07-14,SMD-0148,MARUTI,NSE:MARUTI-EQ,9701.95,9727.3,9591.0,9603.65,498441,FYERS_HISTORY,2026-08-08T23:39:53+05:30
2023-07-17,SMD-0148,MARUTI,NSE:MARUTI-EQ,9647.0,9699.0,9555.0,9689.55,444583,FYERS_HISTORY,2026-08-08T23:39:53+05:30
2023-07-18,SMD-0148,MARUTI,NSE:MARUTI-EQ,9710.2,9766.3,9601.7,9665.65,320985,FYERS_HISTORY,2026-08-08T23:39:53+05:30
2023-07-19,SMD-0148,MARUTI,NSE:MARUTI-EQ,9651.0,9666.0,9525.65,9607.55,450254,FYERS_HISTORY,2026-08-08T23:39:53+05:30
2023-07-20,SMD-0148,MARUTI,NSE:MARUTI-EQ,9620.0,9785.0,9575.45,9772.5,466813,FYERS_HISTORY,2026-08-08T23:39:53+05:30
2023-07-21,SMD-0148,MARUTI,NSE:MARUTI-EQ,9720.0,9845.0,9703.0,9770.05,328483,FYERS_HISTORY,2026-08-08T23:39:53+05:30
2023-07-24,SMD-0148,MARUTI,NSE:MARUTI-EQ,9770.05,9815.0,9680.0,9694.8,358506,FYERS_HISTORY,2026-08-08T23:39:53+05:30
2023-07-25,SMD-0148,MARUTI,NSE:MARUTI-EQ,9624.0,9774.95,9616.8,9758.6,240998,FYERS_HISTORY,2026-08-08T23:39:53+05:30
2023-07-26,SMD-0148,MARUTI,NSE:MARUTI-EQ,9761.5,9810.0,9725.25,9756.35,209861,FYERS_HISTORY,2026-08-08T23:39:53+05:30
2023-07-27,SMD-0148,MARUTI,NSE:MARUTI-EQ,9770.0,9827.15,9691.65,9753.6,256672,FYERS_HISTORY,2026-08-08T23:39:53+05:30
2023-07-28,SMD-0148,MARUTI,NSE:MARUTI-EQ,9739.0,9750.0,9546.4,9670.3,381151,FYERS_HISTORY,2026-08-08T23:39:53+05:30
2023-07-31,SMD-0148,MARUTI,NSE:MARUTI-EQ,9670.3,9837.7,9606.0,9820.75,600060,FYERS_HISTORY,2026-08-08T23:39:53+05:30
2023-08-01,SMD-0148,MARUTI,NSE:MARUTI-EQ,9760.0,9892.0,9650.05,9716.75,1394528,FYERS_HISTORY,2026-08-08T23:39:53+05:30
2023-08-02,SMD-0148,MARUTI,NSE:MARUTI-EQ,9715.0,9793.45,9520.35,9653.8,672815,FYERS_HISTORY,2026-08-08T23:39:53+05:30
2023-08-03,SMD-0148,MARUTI,NSE:MARUTI-EQ,9598.85,9659.95,9515.6,9543.7,614897,FYERS_HISTORY,2026-08-08T23:39:53+05:30
2023-08-04,SMD-0148,MARUTI,NSE:MARUTI-EQ,9560.0,9616.0,9427.0,9470.4,540470,FYERS_HISTORY,2026-08-08T23:39:53+05:30
2023-08-07,SMD-0148,MARUTI,NSE:MARUTI-EQ,9490.0,9539.8,9422.0,9523.8,366329,FYERS_HISTORY,2026-08-08T23:39:53+05:30
2023-08-08,SMD-0148,MARUTI,NSE:MARUTI-EQ,9539.95,9623.0,9505.0,9542.55,430636,FYERS_HISTORY,2026-08-08T23:39:53+05:30
2023-08-09,SMD-0148,MARUTI,NSE:MARUTI-EQ,9540.0,9540.05,9417.5,9463.1,404602,FYERS_HISTORY,2026-08-08T23:39:53+05:30
2023-08-10,SMD-0148,MARUTI,NSE:MARUTI-EQ,9463.1,9500.0,9342.05,9397.6,523490,FYERS_HISTORY,2026-08-08T23:39:53+05:30
2023-08-11,SMD-0148,MARUTI,NSE:MARUTI-EQ,9397.6,9469.0,9344.0,9356.85,498504,FYERS_HISTORY,2026-08-08T23:39:53+05:30
2023-08-14,SMD-0148,MARUTI,NSE:MARUTI-EQ,9360.0,9364.0,9257.9,9321.65,336864,FYERS_HISTORY,2026-08-08T23:39:53+05:30
2023-08-16,SMD-0148,MARUTI,NSE:MARUTI-EQ,9334.0,9437.75,9254.15,9419.55,336363,FYERS_HISTORY,2026-08-08T23:39:53+05:30
2023-08-17,SMD-0148,MARUTI,NSE:MARUTI-EQ,9414.9,9474.75,9350.0,9375.3,402798,FYERS_HISTORY,2026-08-08T23:39:53+05:30
2023-08-18,SMD-0148,MARUTI,NSE:MARUTI-EQ,9350.0,9470.0,9336.65,9456.05,400745,FYERS_HISTORY,2026-08-08T23:39:53+05:30
2023-08-21,SMD-0148,MARUTI,NSE:MARUTI-EQ,9455.55,9469.0,9413.25,9438.8,375347,FYERS_HISTORY,2026-08-08T23:39:53+05:30
2023-08-22,SMD-0148,MARUTI,NSE:MARUTI-EQ,9420.2,9508.05,9409.7,9491.9,435930,FYERS_HISTORY,2026-08-08T23:39:53+05:30
2023-08-23,SMD-0148,MARUTI,NSE:MARUTI-EQ,9519.0,9640.0,9446.0,9600.95,546842,FYERS_HISTORY,2026-08-08T23:39:53+05:30
2023-08-24,SMD-0148,MARUTI,NSE:MARUTI-EQ,9661.65,9661.65,9555.0,9573.7,385559,FYERS_HISTORY,2026-08-08T23:39:53+05:30
2023-08-25,SMD-0148,MARUTI,NSE:MARUTI-EQ,9554.0,9624.75,9485.0,9505.7,346449,FYERS_HISTORY,2026-08-08T23:39:53+05:30
2023-08-28,SMD-0148,MARUTI,NSE:MARUTI-EQ,9514.95,9670.0,9510.0,9597.7,325938,FYERS_HISTORY,2026-08-08T23:39:53+05:30
2023-08-29,SMD-0148,MARUTI,NSE:MARUTI-EQ,9600.0,9684.75,9506.0,9621.25,317224,FYERS_HISTORY,2026-08-08T23:39:53+05:30
2023-08-30,SMD-0148,MARUTI,NSE:MARUTI-EQ,9660.0,9817.95,9610.0,9796.4,543634,FYERS_HISTORY,2026-08-08T23:39:53+05:30
2023-08-31,SMD-0148,MARUTI,NSE:MARUTI-EQ,9770.1,10065.0,9770.1,10003.8,1581818,FYERS_HISTORY,2026-08-08T23:39:53+05:30
2023-09-01,SMD-0148,MARUTI,NSE:MARUTI-EQ,9999.0,10398.0,9951.35,10331.2,1193178,FYERS_HISTORY,2026-08-08T23:39:53+05:30
2023-09-04,SMD-0148,MARUTI,NSE:MARUTI-EQ,10401.0,10468.0,10286.3,10362.5,819552,FYERS_HISTORY,2026-08-08T23:39:53+05:30
2023-09-05,SMD-0148,MARUTI,NSE:MARUTI-EQ,10350.0,10412.7,10245.8,10262.1,507107,FYERS_HISTORY,2026-08-08T23:39:53+05:30
2023-09-06,SMD-0148,MARUTI,NSE:MARUTI-EQ,10260.0,10260.0,10130.2,10178.8,663758,FYERS_HISTORY,2026-08-08T23:39:53+05:30
2023-09-07,SMD-0148,MARUTI,NSE:MARUTI-EQ,10150.0,10300.9,10150.0,10280.8,445805,FYERS_HISTORY,2026-08-08T23:39:53+05:30
2023-09-08,SMD-0148,MARUTI,NSE:MARUTI-EQ,10399.0,10400.0,10300.0,10332.0,439721,FYERS_HISTORY,2026-08-08T23:39:53+05:30
2023-09-11,SMD-0148,MARUTI,NSE:MARUTI-EQ,10345.0,10550.0,10344.0,10533.8,598050,FYERS_HISTORY,2026-08-08T23:39:53+05:30
2023-09-12,SMD-0148,MARUTI,NSE:MARUTI-EQ,10544.0,10568.4,10405.0,10503.6,568773,FYERS_HISTORY,2026-08-08T23:39:53+05:30
2023-09-13,SMD-0148,MARUTI,NSE:MARUTI-EQ,10500.0,10536.4,10440.0,10473.4,301707,FYERS_HISTORY,2026-08-08T23:39:53+05:30
2023-09-14,SMD-0148,MARUTI,NSE:MARUTI-EQ,10465.0,10580.0,10431.0,10488.2,501196,FYERS_HISTORY,2026-08-08T23:39:53+05:30
2023-09-15,SMD-0148,MARUTI,NSE:MARUTI-EQ,10489.3,10550.0,10477.4,10525.2,544616,FYERS_HISTORY,2026-08-08T23:39:53+05:30
2023-09-18,SMD-0148,MARUTI,NSE:MARUTI-EQ,10500.0,10623.7,10494.0,10522.1,430213,FYERS_HISTORY,2026-08-08T23:39:53+05:30
2023-09-20,SMD-0148,MARUTI,NSE:MARUTI-EQ,10494.0,10494.0,10337.5,10346.8,545106,FYERS_HISTORY,2026-08-08T23:39:53+05:30
2023-09-21,SMD-0148,MARUTI,NSE:MARUTI-EQ,10343.0,10345.0,10206.5,10284.3,577252,FYERS_HISTORY,2026-08-08T23:39:53+05:30
2023-09-22,SMD-0148,MARUTI,NSE:MARUTI-EQ,10378.0,10566.8,10308.5,10535.2,986206,FYERS_HISTORY,2026-08-08T23:39:53+05:30
2023-09-25,SMD-0148,MARUTI,NSE:MARUTI-EQ,10535.2,10720.0,10530.0,10588.2,756801,FYERS_HISTORY,2026-08-08T23:39:53+05:30
2023-09-26,SMD-0148,MARUTI,NSE:MARUTI-EQ,10631.9,10634.0,10526.5,10556.7,452503,FYERS_HISTORY,2026-08-08T23:39:53+05:30
2023-09-27,SMD-0148,MARUTI,NSE:MARUTI-EQ,10550.0,10706.0,10525.0,10680.8,458359,FYERS_HISTORY,2026-08-08T23:39:53+05:30
2023-09-28,SMD-0148,MARUTI,NSE:MARUTI-EQ,10650.5,10705.0,10532.0,10565.3,598144,FYERS_HISTORY,2026-08-08T23:39:53+05:30
2023-09-29,SMD-0148,MARUTI,NSE:MARUTI-EQ,10541.0,10705.5,10510.5,10610.6,481725,FYERS_HISTORY,2026-08-08T23:39:53+05:30
2023-10-03,SMD-0148,MARUTI,NSE:MARUTI-EQ,10709.8,10709.8,10303.3,10346.9,623006,FYERS_HISTORY,2026-08-08T23:39:53+05:30
2023-10-04,SMD-0148,MARUTI,NSE:MARUTI-EQ,10283.9,10283.9,10090.0,10129.8,407793,FYERS_HISTORY,2026-08-08T23:39:53+05:30
2023-10-05,SMD-0148,MARUTI,NSE:MARUTI-EQ,10182.0,10271.0,10109.0,10210.2,377196,FYERS_HISTORY,2026-08-08T23:39:53+05:30
2023-10-06,SMD-0148,MARUTI,NSE:MARUTI-EQ,10283.0,10333.0,10260.0,10302.0,335700,FYERS_HISTORY,2026-08-08T23:39:53+05:30
2023-10-09,SMD-0148,MARUTI,NSE:MARUTI-EQ,10250.0,10334.4,10184.0,10244.8,230083,FYERS_HISTORY,2026-08-08T23:39:53+05:30
2023-10-10,SMD-0148,MARUTI,NSE:MARUTI-EQ,10290.0,10417.0,10270.1,10375.0,348342,FYERS_HISTORY,2026-08-08T23:39:53+05:30
2023-10-11,SMD-0148,MARUTI,NSE:MARUTI-EQ,10350.0,10440.0,10340.0,10412.1,193526,FYERS_HISTORY,2026-08-08T23:39:53+05:30
2023-10-12,SMD-0148,MARUTI,NSE:MARUTI-EQ,10460.0,10624.5,10420.2,10580.9,569237,FYERS_HISTORY,2026-08-08T23:39:53+05:30
2023-10-13,SMD-0148,MARUTI,NSE:MARUTI-EQ,10534.0,10745.0,10529.8,10727.5,625954,FYERS_HISTORY,2026-08-08T23:39:53+05:30
2023-10-16,SMD-0148,MARUTI,NSE:MARUTI-EQ,10730.0,10810.8,10665.0,10704.5,304196,FYERS_HISTORY,2026-08-08T23:39:53+05:30
2023-10-17,SMD-0148,MARUTI,NSE:MARUTI-EQ,10730.0,10797.8,10565.3,10750.8,474718,FYERS_HISTORY,2026-08-08T23:39:53+05:30
2023-10-18,SMD-0148,MARUTI,NSE:MARUTI-EQ,10755.0,10809.8,10711.0,10788.5,267435,FYERS_HISTORY,2026-08-08T23:39:53+05:30
2023-10-19,SMD-0148,MARUTI,NSE:MARUTI-EQ,10700.0,10798.7,10700.0,10771.7,286284,FYERS_HISTORY,2026-08-08T23:39:53+05:30
2023-10-20,SMD-0148,MARUTI,NSE:MARUTI-EQ,10763.1,10799.0,10695.7,10725.7,232512,FYERS_HISTORY,2026-08-08T23:39:53+05:30
2023-10-23,SMD-0148,MARUTI,NSE:MARUTI-EQ,10681.0,10724.7,10530.5,10553.7,227925,FYERS_HISTORY,2026-08-08T23:39:53+05:30
2023-10-25,SMD-0148,MARUTI,NSE:MARUTI-EQ,10520.0,10647.5,10501.6,10588.8,401105,FYERS_HISTORY,2026-08-08T23:39:53+05:30
2023-10-26,SMD-0148,MARUTI,NSE:MARUTI-EQ,10539.0,10594.0,10392.5,10424.2,506129,FYERS_HISTORY,2026-08-08T23:39:53+05:30
2023-10-27,SMD-0148,MARUTI,NSE:MARUTI-EQ,10440.0,10845.0,10440.0,10560.7,1116713,FYERS_HISTORY,2026-08-08T23:39:53+05:30
2023-10-30,SMD-0148,MARUTI,NSE:MARUTI-EQ,10700.0,10700.0,10245.0,10397.7,991168,FYERS_HISTORY,2026-08-08T23:39:53+05:30
2023-10-31,SMD-0148,MARUTI,NSE:MARUTI-EQ,10490.0,10490.0,10321.0,10392.3,439996,FYERS_HISTORY,2026-08-08T23:39:53+05:30
2023-11-01,SMD-0148,MARUTI,NSE:MARUTI-EQ,10390.1,10422.2,10188.7,10227.8,699116,FYERS_HISTORY,2026-08-08T23:39:53+05:30
2023-11-02,SMD-0148,MARUTI,NSE:MARUTI-EQ,10290.3,10345.0,10201.0,10303.6,569194,FYERS_HISTORY,2026-08-08T23:39:53+05:30
2023-11-03,SMD-0148,MARUTI,NSE:MARUTI-EQ,10318.0,10370.0,10241.0,10276.3,517582,FYERS_HISTORY,2026-08-08T23:39:53+05:30
2023-11-06,SMD-0148,MARUTI,NSE:MARUTI-EQ,10339.0,10339.0,10252.0,10284.8,490459,FYERS_HISTORY,2026-08-08T23:39:53+05:30
2023-11-07,SMD-0148,MARUTI,NSE:MARUTI-EQ,10300.0,10326.0,10235.8,10253.3,264935,FYERS_HISTORY,2026-08-08T23:39:53+05:30
2023-11-08,SMD-0148,MARUTI,NSE:MARUTI-EQ,10320.0,10340.5,10260.6,10322.3,287006,FYERS_HISTORY,2026-08-08T23:39:53+05:30
2023-11-09,SMD-0148,MARUTI,NSE:MARUTI-EQ,10350.0,10449.6,10316.8,10400.3,310536,FYERS_HISTORY,2026-08-08T23:39:53+05:30
2023-11-10,SMD-0148,MARUTI,NSE:MARUTI-EQ,10375.0,10416.4,10320.0,10388.8,206395,FYERS_HISTORY,2026-08-08T23:39:53+05:30
2023-11-12,SMD-0148,MARUTI,NSE:MARUTI-EQ,10450.0,10495.0,10415.2,10431.4,27259,FYERS_HISTORY,2026-08-08T23:39:53+05:30
2023-11-13,SMD-0148,MARUTI,NSE:MARUTI-EQ,10429.0,10429.0,10363.7,10398.4,261891,FYERS_HISTORY,2026-08-08T23:39:53+05:30
2023-11-15,SMD-0148,MARUTI,NSE:MARUTI-EQ,10497.0,10497.0,10375.0,10456.0,436538,FYERS_HISTORY,2026-08-08T23:39:53+05:30
2023-11-16,SMD-0148,MARUTI,NSE:MARUTI-EQ,10480.0,10543.7,10409.2,10484.5,488715,FYERS_HISTORY,2026-08-08T23:39:53+05:30
2023-11-17,SMD-0148,MARUTI,NSE:MARUTI-EQ,10500.0,10606.8,10499.2,10523.5,403772,FYERS_HISTORY,2026-08-08T23:39:53+05:30
2023-11-20,SMD-0148,MARUTI,NSE:MARUTI-EQ,10500.0,10593.3,10500.0,10566.2,234246,FYERS_HISTORY,2026-08-08T23:39:53+05:30
2023-11-21,SMD-0148,MARUTI,NSE:MARUTI-EQ,10619.0,10619.0,10500.0,10535.2,312242,FYERS_HISTORY,2026-08-08T23:39:53+05:30
2023-11-22,SMD-0148,MARUTI,NSE:MARUTI-EQ,10550.0,10551.2,10420.0,10494.5,378891,FYERS_HISTORY,2026-08-08T23:39:53+05:30
2023-11-23,SMD-0148,MARUTI,NSE:MARUTI-EQ,10487.8,10525.0,10394.0,10488.5,453820,FYERS_HISTORY,2026-08-08T23:39:53+05:30
2023-11-24,SMD-0148,MARUTI,NSE:MARUTI-EQ,10506.0,10566.5,10462.0,10515.7,380306,FYERS_HISTORY,2026-08-08T23:39:53+05:30
2023-11-28,SMD-0148,MARUTI,NSE:MARUTI-EQ,10540.0,10556.4,10506.0,10537.5,268026,FYERS_HISTORY,2026-08-08T23:39:53+05:30
2023-11-29,SMD-0148,MARUTI,NSE:MARUTI-EQ,10570.0,10634.5,10525.7,10599.2,343341,FYERS_HISTORY,2026-08-08T23:39:53+05:30
2023-11-30,SMD-0148,MARUTI,NSE:MARUTI-EQ,10581.0,10649.0,10546.1,10608.7,665660,FYERS_HISTORY,2026-08-08T23:39:53+05:30
2023-12-01,SMD-0148,MARUTI,NSE:MARUTI-EQ,10608.0,10759.0,10533.0,10585.7,591519,FYERS_HISTORY,2026-08-08T23:39:53+05:30
2023-12-04,SMD-0148,MARUTI,NSE:MARUTI-EQ,10695.0,10695.1,10425.0,10599.5,625235,FYERS_HISTORY,2026-08-08T23:39:53+05:30
2023-12-05,SMD-0148,MARUTI,NSE:MARUTI-EQ,10650.9,10770.0,10563.4,10721.9,580996,FYERS_HISTORY,2026-08-08T23:39:53+05:30
2023-12-06,SMD-0148,MARUTI,NSE:MARUTI-EQ,10721.9,10749.0,10590.0,10625.8,464163,FYERS_HISTORY,2026-08-08T23:39:53+05:30
2023-12-07,SMD-0148,MARUTI,NSE:MARUTI-EQ,10790.0,10932.8,10635.0,10696.7,704413,FYERS_HISTORY,2026-08-08T23:39:53+05:30
2023-12-08,SMD-0148,MARUTI,NSE:MARUTI-EQ,10730.0,10748.0,10551.0,10618.5,548373,FYERS_HISTORY,2026-08-08T23:39:53+05:30
2023-12-11,SMD-0148,MARUTI,NSE:MARUTI-EQ,10630.0,10638.0,10500.0,10541.8,579749,FYERS_HISTORY,2026-08-08T23:39:53+05:30
2023-12-12,SMD-0148,MARUTI,NSE:MARUTI-EQ,10620.0,10624.0,10301.1,10338.4,1088687,FYERS_HISTORY,2026-08-08T23:39:53+05:30
2023-12-13,SMD-0148,MARUTI,NSE:MARUTI-EQ,10360.0,10412.9,10260.0,10380.0,603469,FYERS_HISTORY,2026-08-08T23:39:53+05:30
2023-12-14,SMD-0148,MARUTI,NSE:MARUTI-EQ,10440.0,10495.0,10312.3,10353.2,635475,FYERS_HISTORY,2026-08-08T23:39:53+05:30
2023-12-15,SMD-0148,MARUTI,NSE:MARUTI-EQ,10459.0,10476.8,9832.6,10286.4,1244681,FYERS_HISTORY,2026-08-08T23:39:53+05:30
2023-12-18,SMD-0148,MARUTI,NSE:MARUTI-EQ,10295.0,10350.9,10226.2,10319.6,652498,FYERS_HISTORY,2026-08-08T23:39:53+05:30
2023-12-19,SMD-0148,MARUTI,NSE:MARUTI-EQ,10319.6,10377.0,10206.2,10233.6,585734,FYERS_HISTORY,2026-08-08T23:39:53+05:30
2023-12-20,SMD-0148,MARUTI,NSE:MARUTI-EQ,10240.0,10309.0,9990.0,10081.2,964051,FYERS_HISTORY,2026-08-08T23:39:53+05:30
2023-12-21,SMD-0148,MARUTI,NSE:MARUTI-EQ,10000.0,10099.2,9900.0,10012.8,739806,FYERS_HISTORY,2026-08-08T23:39:53+05:30
2023-12-22,SMD-0148,MARUTI,NSE:MARUTI-EQ,10050.0,10318.3,10030.0,10217.2,652545,FYERS_HISTORY,2026-08-08T23:39:53+05:30
